1 0.414536 0.039620 0.009896 0.017593
1 0.551312 0.074176 0.009896 0.017593
1 0.559828 0.146917 0.012219 0.021352
1 0.539458 0.282444 0.009896 0.017593
1 0.527510 0.257880 0.009896 0.017593
0 0.435234 0.326167 0.012604 0.025000
0 0.430318 0.281611 0.012604 0.025000
0 0.435706 0.303259 0.014943 0.025000
0 0.444841 0.273681 0.014484 0.030787
0 0.569331 0.361125 0.014255 0.026639
1 0.578104 0.341565 0.009896 0.017593
1 0.755760 0.297625 0.008271 0.014657
1 0.793109 0.287019 0.009896 0.017593
0 0.742276 0.445468 0.012521 0.026491
1 0.853768 0.634773 0.010630 0.018509
1 0.794474 0.586361 0.010625 0.018500
1 0.782279 0.547810 0.010630 0.018509
1 0.745057 0.560546 0.011865 0.019463
1 0.881664 0.833986 0.012609 0.016269
1 0.837365 0.908912 0.010667 0.016269
0 0.776474 0.918625 0.012042 0.022472
1 0.777057 0.901278 0.010667 0.016278
0 0.892201 0.850782 0.018724 0.027880
1 0.927844 0.795796 0.009313 0.016278
0 0.934576 0.885505 0.015641 0.031398
0 0.927039 0.909954 0.020089 0.026852
0 0.921096 0.886694 0.012891 0.024093
0 0.994701 0.847500 0.010599 0.026852
0 0.914464 0.993380 0.015625 0.013241
0 0.626086 0.910463 0.013109 0.023056
0 0.612815 0.937407 0.015839 0.021296
0 0.605115 0.914653 0.015625 0.030694
1 0.663854 0.842116 0.011042 0.018694
1 0.625609 0.858954 0.010667 0.016278
0 0.377349 0.987676 0.013542 0.022222
0 0.383378 0.956602 0.019047 0.038500
0 0.356865 0.915829 0.016688 0.024269
1 0.370813 0.898847 0.010875 0.021750
0 0.309328 0.849569 0.018167 0.034231
1 0.269990 0.876986 0.013979 0.021750
0 0.249708 0.891870 0.016396 0.026074
1 0.250677 0.869361 0.009896 0.017593
0 0.252630 0.789204 0.017188 0.029630
0 0.249396 0.821130 0.015792 0.028926
0 0.214870 0.949676 0.017656 0.033426
0 0.199534 0.967199 0.016474 0.028565
0 0.169096 0.984903 0.016474 0.028565
0 0.189490 0.987917 0.013937 0.024167
0 0.206169 0.992079 0.012557 0.015843
0 0.038724 0.912222 0.017656 0.032407
0 0.007865 0.892792 0.015729 0.030157
0 0.077862 0.841759 0.016255 0.028704
1 0.068779 0.824597 0.012443 0.019620
1 0.037357 0.787472 0.012443 0.019630
0 0.067010 0.759880 0.018063 0.033019
0 0.015310 0.762139 0.018078 0.026778
0 0.020193 0.736125 0.018885 0.028861
0 0.029266 0.602005 0.018240 0.032102
0 0.022823 0.535199 0.015104 0.025583
0 0.071516 0.323046 0.016552 0.027426
1 0.086536 0.322528 0.012458 0.021759
0 0.118740 0.315241 0.017708 0.030556
0 0.198000 0.106093 0.014521 0.033370
1 0.197682 0.130694 0.009896 0.017593
0 0.112292 0.161620 0.016458 0.025648
1 0.140271 0.085009 0.009896 0.017593
0 0.104000 0.134741 0.015625 0.026852
0 0.032406 0.071708 0.021708 0.026843
0 0.029568 0.103528 0.016698 0.027056
0 0.057070 0.229616 0.015755 0.030713
1 0.104724 0.233685 0.009896 0.017593
1 0.235154 0.216644 0.014589 0.020046
0 0.310055 0.250917 0.017286 0.026870
1 0.327115 0.183301 0.011604 0.020991
1 0.616456 0.376593 0.006453 0.012444
1 0.710245 0.255769 0.008271 0.014648
1 0.698089 0.183759 0.008271 0.014648
0 0.709464 0.189556 0.017219 0.027815
1 0.730620 0.128532 0.008271 0.014657
1 0.693060 0.146745 0.009922 0.019287
0 0.717766 0.025880 0.018219 0.026389
1 0.633526 0.032662 0.010240 0.018380
0 0.803492 0.006560 0.017182 0.013120
1 0.854391 0.035718 0.008271 0.014657
0 0.909690 0.006407 0.020568 0.012815
1 0.978651 0.119435 0.009573 0.016648
0 0.992378 0.134148 0.015245 0.028111
1 0.948531 0.435407 0.009896 0.017593
1 0.611068 0.893398 0.010667 0.016278
1 0.527953 0.975606 0.013260 0.020824
1 0.305714 0.910255 0.010552 0.021343
0 0.266674 0.982986 0.017536 0.023583
1 0.314003 0.968792 0.010557 0.016676
1 0.239516 0.908380 0.009896 0.017593
0 0.141258 0.626944 0.015182 0.027519
0 0.140771 0.652389 0.015177 0.027519
0 0.159315 0.651523 0.015182 0.027528
0 0.148651 0.670301 0.014385 0.025231
0 0.157198 0.683329 0.014385 0.025231
0 0.096766 0.603236 0.015937 0.024769
1 0.091701 0.565023 0.012443 0.019620
0 0.169654 0.265157 0.014307 0.023389
1 0.460141 0.151042 0.007531 0.016157
1 0.545070 0.045255 0.010484 0.017546
1 0.638643 0.070356 0.010234 0.018380
0 0.869870 0.072995 0.014583 0.025676
0 0.885073 0.076778 0.012458 0.025704
0 0.896380 0.094690 0.014229 0.021287
0 0.839505 0.429167 0.012344 0.023148
0 0.033099 0.316528 0.019635 0.038611
0 0.109156 0.889685 0.018229 0.033333
0 0.076385 0.292352 0.017229 0.031741
0 0.189062 0.849352 0.019792 0.030185
0 0.170130 0.022375 0.015104 0.023194
0 0.059643 0.540852 0.017953 0.028704
0 0.299609 0.154093 0.016667 0.031481
0 0.393630 0.109167 0.014063 0.025926
0 0.524302 0.406120 0.015521 0.027222
0 0.282346 0.007454 0.014682 0.014907
0 0.404401 0.258796 0.018177 0.032407
0 0.555505 0.874019 0.016146 0.027778
0 0.611734 0.965843 0.016302 0.031852
0 0.180703 0.288426 0.015677 0.032407
0 0.049214 0.783542 0.018479 0.027120
0 0.465938 0.041435 0.017292 0.027315
0 0.711328 0.990278 0.015885 0.019444
0 0.024044 0.207907 0.015661 0.029000
0 0.220312 0.981250 0.016667 0.029630
0 0.171875 0.309019 0.014583 0.025481
0 0.858625 0.016653 0.016937 0.030398
0 0.605047 0.990796 0.011979 0.014815
0 0.104128 0.011759 0.015599 0.023519
0 0.867771 0.830204 0.014063 0.022222
0 0.079302 0.562269 0.016292 0.026852
0 0.899341 0.066093 0.014234 0.030556
0 0.804688 0.289722 0.013542 0.023148
0 0.766979 0.293241 0.017188 0.024074
0 0.910547 0.973565 0.016406 0.026296
0 0.826750 0.083241 0.015146 0.027593
0 0.424599 0.190403 0.016844 0.030620
0 0.870547 0.454120 0.014063 0.026852
0 0.716245 0.066093 0.015625 0.024074
0 0.397891 0.138574 0.010417 0.020370
0 0.135026 0.304509 0.017708 0.030556
0 0.915286 0.599620 0.014583 0.025907
0 0.523177 0.992963 0.020625 0.014074
0 0.113375 0.769972 0.021042 0.032315
0 0.748568 0.470509 0.017188 0.027778
0 0.747786 0.031204 0.013542 0.030926
0 0.936232 0.441370 0.015870 0.024667
0 0.766802 0.019444 0.015563 0.025926
1 0.608820 0.332292 0.010766 0.019676
1 0.245969 0.081750 0.009896 0.017593
1 0.330682 0.136593 0.009896 0.017593
0 0.249479 0.739213 0.019792 0.028981
0 0.618742 0.424810 0.015849 0.026861
0 0.106641 0.094676 0.016146 0.037037
0 0.846094 0.925694 0.013542 0.025000
0 0.658828 0.356296 0.015677 0.026667
0 0.147438 0.009653 0.015125 0.019306
0 0.113711 0.614532 0.018828 0.030565
0 0.342057 0.136389 0.016667 0.024074
0 0.959766 0.345926 0.016823 0.025926
0 0.840430 0.797236 0.013411 0.029417
0 0.555630 0.965685 0.016146 0.025000
0 0.016784 0.865852 0.015651 0.027000
0 0.034896 0.715046 0.014063 0.022222
0 0.783245 0.595292 0.013542 0.024472
0 0.313255 0.946991 0.018177 0.032870
0 0.006615 0.083417 0.013229 0.025926
0 0.717510 0.238662 0.018490 0.027880
0 0.003388 0.287963 0.006776 0.024074
0 0.066047 0.982926 0.015625 0.022222
0 0.727031 0.007407 0.012500 0.014815
0 0.130107 0.070931 0.016453 0.030750
0 0.041589 0.051759 0.015625 0.021296
0 0.966214 0.865852 0.014583 0.025926
0 0.785604 0.006898 0.013583 0.013796
0 0.132250 0.882852 0.017708 0.027778
0 0.026198 0.572347 0.016458 0.031787
0 0.010474 0.190278 0.016969 0.029630
0 0.516719 0.259722 0.012604 0.025000
0 0.317448 0.200000 0.019271 0.033333
0 0.722656 0.892593 0.014063 0.025926
0 0.009635 0.389815 0.019271 0.040741
0 0.430469 0.768519 0.017188 0.029630
0 0.640104 0.916667 0.015625 0.024074
0 0.227344 0.489815 0.017188 0.027778
0 0.115885 0.481019 0.019271 0.028704
0 0.132552 0.146759 0.016146 0.026852
0 0.630729 0.263889 0.015625 0.029630
0 0.318490 0.812037 0.016146 0.024074
0 0.646875 0.082870 0.016667 0.032407
0 0.220312 0.370370 0.017708 0.029630
0 0.461719 0.774074 0.015104 0.027778
0 0.476823 0.976852 0.013021 0.024074
0 0.489583 0.062037 0.014583 0.024074
0 0.021615 0.693519 0.016146 0.027778
0 0.253906 0.117593 0.015104 0.024074
0 0.336198 0.100463 0.019271 0.034259
0 0.429427 0.526389 0.020313 0.032407
0 0.181771 0.544444 0.014583 0.022222
0 0.401562 0.559259 0.014583 0.024074
0 0.384375 0.713889 0.015625 0.024074
0 0.347917 0.633796 0.016667 0.026852
0 0.149740 0.438426 0.016146 0.030556
0 0.446875 0.502315 0.015625 0.028704
0 0.363021 0.411111 0.021875 0.042593
0 0.379688 0.126389 0.015625 0.026852
0 0.103125 0.336574 0.014583 0.025000
0 0.384375 0.380556 0.016667 0.027778
0 0.325781 0.637500 0.015104 0.025000
0 0.642448 0.237963 0.014063 0.024074
0 0.410677 0.478241 0.018229 0.036111
0 0.052083 0.200463 0.017708 0.032407
0 0.633854 0.479167 0.015625 0.025000
0 0.538281 0.891667 0.019271 0.037037
0 0.273698 0.415741 0.018229 0.027778
0 0.498437 0.109259 0.014583 0.029630
0 0.084896 0.350463 0.014583 0.026852
0 0.472396 0.493519 0.015625 0.025926
0 0.482812 0.525926 0.016667 0.029630
0 0.322917 0.698611 0.011458 0.021296
0 0.598437 0.309722 0.013542 0.030556
0 0.680729 0.582407 0.017708 0.025926
0 0.670052 0.988426 0.010937 0.013889
0 0.231250 0.196759 0.020833 0.028704
0 0.240625 0.671759 0.012500 0.023148
0 0.261979 0.089815 0.018750 0.033333
0 0.581250 0.291667 0.017708 0.027778
0 0.398438 0.193056 0.017708 0.034259
0 0.179688 0.500000 0.021875 0.033333
0 0.120313 0.435648 0.015625 0.028704
0 0.830469 0.847222 0.014063 0.024074
0 0.283594 0.048148 0.018229 0.033333
0 0.303125 0.423611 0.018750 0.030556
0 0.373437 0.083333 0.018750 0.031481
0 0.259375 0.312963 0.018750 0.031481
0 0.562500 0.009722 0.014583 0.019444
0 0.698698 0.583796 0.013021 0.019444
0 0.033854 0.134259 0.017708 0.031481
0 0.896094 0.503241 0.017188 0.026852
0 0.232031 0.147685 0.018229 0.032407
0 0.286979 0.601389 0.021875 0.036111
0 0.368750 0.229167 0.021875 0.039815
0 0.730729 0.566667 0.015625 0.024074
0 0.422396 0.024537 0.017708 0.030556
0 0.633333 0.599537 0.018750 0.034259
0 0.497917 0.579630 0.018750 0.031481
0 0.344271 0.057407 0.017708 0.029630
0 0.210417 0.339352 0.018750 0.028704
0 0.583073 0.487037 0.018229 0.029630
1 0.497581 0.508745 0.009453 0.016194
1 0.452375 0.593894 0.011385 0.017639
0 0.459529 0.545319 0.024724 0.036139
0 0.463107 0.574667 0.022120 0.026019
0 0.493117 0.488213 0.020328 0.028333
1 0.442682 0.680736 0.011385 0.017639
0 0.434013 0.597870 0.016557 0.042407
0 0.404042 0.591213 0.017969 0.029537
0 0.335417 0.502519 0.015833 0.025833
0 0.593948 0.519556 0.014583 0.024074
1 0.458594 0.467824 0.009896 0.017593
0 0.417422 0.605532 0.017240 0.030139
1 0.526570 0.510435 0.013422 0.019204
0 0.476953 0.672222 0.013021 0.025926
0 0.308190 0.540509 0.017995 0.029722
0 0.381380 0.601806 0.017969 0.029537
0 0.437656 0.659630 0.016146 0.033333
0 0.284193 0.457824 0.012500 0.021296
0 0.531771 0.529907 0.019792 0.029074
0 0.336276 0.471944 0.015833 0.025833
0 0.279320 0.383417 0.013859 0.020944
0 0.600000 0.443519 0.017708 0.038889
0 0.170833 0.418519 0.017708 0.035185
0 0.458333 0.933796 0.018750 0.030556
0 0.947031 0.337778 0.012500 0.022222
0 0.952240 0.050009 0.016354 0.030463
0 0.282107 0.226157 0.014526 0.025648
0 0.850729 0.612704 0.012500 0.025000
0 0.141214 0.927083 0.020833 0.032407
0 0.448563 0.147810 0.014542 0.024361
0 0.182013 0.116972 0.013891 0.032833
0 0.412526 0.127056 0.016667 0.027778
0 0.973646 0.528611 0.014010 0.023889
0 0.684922 0.323009 0.016146 0.028704
0 0.361419 0.015602 0.021120 0.028704
0 0.854948 0.078074 0.014583 0.022222
0 0.047591 0.009352 0.014818 0.018704
0 0.324432 0.231074 0.018219 0.027852
0 0.937995 0.802778 0.011406 0.024074
0 0.900781 0.877898 0.015625 0.026852
0 0.691146 0.606481 0.012500 0.020370
0 0.101823 0.183333 0.017188 0.025926
0 0.811458 0.596296 0.012500 0.022222
0 0.084635 0.625463 0.014063 0.025000
0 0.211979 0.545370 0.017708 0.027778
0 0.310677 0.513889 0.019271 0.027778
0 0.475521 0.808796 0.015625 0.034259
0 0.440365 0.787037 0.016146 0.029630
0 0.237240 0.096296 0.016146 0.029630
0 0.580469 0.979630 0.014063 0.022222
0 0.209115 0.647222 0.016146 0.027778
0 0.145833 0.991204 0.015625 0.017593
0 0.800000 0.617593 0.014583 0.020370
0 0.092969 0.233796 0.018229 0.030556
0 0.792188 0.996759 0.009375 0.006481
0 0.238281 0.864815 0.017188 0.029630
0 0.671875 0.037037 0.011458 0.020370
0 0.299479 0.818056 0.015625 0.028704
0 0.266146 0.628704 0.020833 0.035185
0 0.769792 0.617593 0.014583 0.025926
0 0.081510 0.594444 0.015104 0.025926
0 0.128906 0.114815 0.016146 0.027778
0 0.260937 0.064352 0.015625 0.030556
0 0.315365 0.890278 0.017188 0.028704
0 0.629167 0.881944 0.014583 0.030556
0 0.211719 0.488889 0.014063 0.027778
0 0.675990 0.359306 0.014063 0.025000
1 0.566146 0.950000 0.011458 0.018519
0 0.189323 0.947222 0.015104 0.024074
0 0.829531 0.052676 0.015052 0.028148
0 0.982812 0.858102 0.014063 0.022222
0 0.465961 0.313241 0.016943 0.025833
0 0.886599 0.645694 0.014583 0.027130
0 0.213010 0.082120 0.015781 0.034259
0 0.096656 0.922769 0.017188 0.030093
0 0.926794 0.027583 0.020568 0.031685
0 0.731141 0.055704 0.015531 0.026926
0 0.680029 0.023588 0.015776 0.023565
0 0.994531 0.179537 0.010937 0.027963
0 0.153714 0.129917 0.015625 0.026852
0 0.275391 0.851389 0.014583 0.025000
0 0.870250 0.036481 0.014583 0.024815
0 0.542839 0.263102 0.015104 0.025926
0 0.789583 0.384769 0.016354 0.023056
0 0.316490 0.142787 0.016667 0.025926
0 0.201758 0.671421 0.015182 0.027528
0 0.193849 0.890278 0.017708 0.030556
0 0.241563 0.452722 0.017188 0.025926
0 0.092526 0.456296 0.019792 0.029630
0 0.494010 0.958907 0.015625 0.026852
0 0.623461 0.048139 0.016297 0.032056
0 0.978573 0.142940 0.014792 0.031250
0 0.269698 0.957625 0.017531 0.023583
0 0.684508 0.127819 0.013484 0.030287
0 0.848852 0.575074 0.012130 0.027778
0 0.624516 0.387685 0.012500 0.028333
0 0.493125 0.251944 0.017552 0.029630
0 0.718120 0.539157 0.014010 0.025278
0 0.855471 0.904981 0.015620 0.019444
1 0.722328 0.862148 0.007240 0.012889
0 0.468276 0.994477 0.017719 0.011046
1 0.260531 0.736176 0.009896 0.017593
0 0.311354 0.720782 0.017708 0.032880
0 0.251635 0.654551 0.017094 0.028491
0 0.245177 0.624593 0.020583 0.028481
0 0.268497 0.452681 0.015089 0.026491
0 0.258823 0.474241 0.013292 0.024481
0 0.267375 0.493194 0.014938 0.022130
1 0.330620 0.527185 0.011052 0.019704
1 0.345266 0.485741 0.009896 0.017593
1 0.671148 0.553602 0.011870 0.019463
0 0.642023 0.201315 0.017099 0.031630
1 0.654565 0.171565 0.008505 0.017204
0 0.195599 0.427435 0.017865 0.034944
0 0.219914 0.425745 0.018089 0.030361
1 0.235753 0.420884 0.012443 0.019620
0 0.008589 0.532028 0.015104 0.028907
0 0.003836 0.556023 0.007672 0.028917
0 0.002568 0.447236 0.005135 0.033120
0 0.317745 0.005625 0.015104 0.011250
0 0.398547 0.004060 0.015104 0.008120
0 0.133411 0.382130 0.014740 0.026111
0 0.099401 0.397190 0.019635 0.034694
0 0.408253 0.410500 0.011609 0.022222
0 0.698578 0.878574 0.018990 0.024926
0 0.420312 0.414815 0.011458 0.022222
0 0.234711 0.601991 0.022964 0.022963
0 0.276901 0.286944 0.014219 0.024259
0 0.798823 0.459583 0.011458 0.025463
0 0.677500 0.894093 0.015000 0.022593
0 0.656437 0.558111 0.017188 0.025926
0 0.170573 0.240620 0.016667 0.029630
0 0.681328 0.244296 0.016146 0.036204
0 0.166234 0.578588 0.016906 0.025231
0 0.658359 0.189306 0.014063 0.025000
0 0.644271 0.669630 0.017708 0.029259
0 0.226414 0.258282 0.020922 0.029176
0 0.437292 0.956204 0.015469 0.030000
0 0.238398 0.287056 0.014557 0.024593
0 0.423984 0.865231 0.018229 0.031667
0 0.276927 0.704120 0.016354 0.026759
0 0.659961 0.219306 0.019974 0.029537
0 0.202969 0.236074 0.014271 0.028519
0 0.798724 0.488213 0.013802 0.029130
0 0.656667 0.692593 0.017188 0.029630
0 0.282526 0.356250 0.014219 0.022685
0 0.144479 0.237361 0.017292 0.028981
1 0.318599 0.739815 0.009896 0.017593
0 0.360781 0.662870 0.013021 0.022222
0 0.358828 0.639454 0.013021 0.022222
0 0.389000 0.676310 0.014813 0.024231
0 0.400469 0.661847 0.012708 0.025380
0 0.407703 0.686602 0.016760 0.029204
0 0.414367 0.715366 0.015297 0.027787
0 0.618771 0.487171 0.014958 0.028991
1 0.626510 0.465176 0.010833 0.016093
0 0.186146 0.738981 0.016875 0.034630
0 0.372917 0.677083 0.013021 0.022222
0 0.310937 0.679167 0.017708 0.028704
0 0.054948 0.709722 0.020313 0.036111
0 0.659115 0.101389 0.017188 0.028704
0 0.296875 0.638889 0.014583 0.027778
0 0.510938 0.394444 0.013542 0.024074
0 0.667708 0.079167 0.012500 0.021296
0 0.466927 0.696296 0.019271 0.029630
0 0.524846 0.710426 0.016422 0.030019
0 0.205833 0.757778 0.018958 0.034074
0 0.431862 0.725829 0.017109 0.028157
0 0.509375 0.689259 0.016667 0.028889
0 0.520326 0.655130 0.013255 0.026852
0 0.481878 0.640778 0.018016 0.028444
1 0.606182 0.521208 0.009719 0.019083
0 0.380695 0.357435 0.011609 0.022222
1 0.861078 0.712444 0.009313 0.016278
1 0.425286 0.886435 0.011719 0.013426
1 0.101763 0.508380 0.012443 0.019630
1 0.159995 0.551755 0.007490 0.012361
0 0.280112 0.181593 0.011266 0.021667
0 0.074320 0.393671 0.011151 0.021731
0 0.827583 0.650611 0.011938 0.022222
0 0.938250 0.650069 0.014125 0.021435
0 0.991615 0.658056 0.016771 0.027407
0 0.768557 0.712810 0.010781 0.023769
0 0.992703 0.688148 0.014052 0.022407
0 0.779766 0.525324 0.016094 0.026204
0 0.292370 0.241944 0.014531 0.021667
0 0.626214 0.317750 0.015104 0.024074
0 0.035521 0.661574 0.014792 0.025000
0 0.006594 0.656292 0.013187 0.033713
0 0.981250 0.639676 0.010417 0.020093
0 0.741615 0.594444 0.018854 0.024074
0 0.858417 0.800324 0.016094 0.025278
0 0.968177 0.688426 0.016771 0.025000
0 0.865974 0.776843 0.014844 0.023981
0 0.358229 0.837963 0.018542 0.027778
0 0.892276 0.557255 0.014583 0.024194
0 0.432292 0.905139 0.018750 0.028611
0 0.764766 0.534769 0.014948 0.028796
0 0.270279 0.164616 0.016318 0.027806
0 0.035078 0.447083 0.018385 0.031204
0 0.816380 0.514769 0.014115 0.027685
0 0.167057 0.538426 0.012031 0.025556
0 0.849885 0.712685 0.016667 0.025926
0 0.763542 0.591898 0.013333 0.024537
0 0.117813 0.512593 0.018542 0.022963
0 0.079927 0.520583 0.017708 0.026852
0 0.782060 0.709755 0.016089 0.026787
0 0.756953 0.670509 0.015990 0.034167
0 0.797469 0.777954 0.016146 0.026852
0 0.805221 0.532875 0.014974 0.026657
0 0.062807 0.382454 0.016885 0.028426
0 0.754339 0.713556 0.014031 0.026593
0 0.842706 0.823639 0.012026 0.022204
0 0.148245 0.716884 0.014198 0.023639
0 0.474529 0.061491 0.015943 0.028907
0 0.796849 0.159259 0.015990 0.037593
0 0.550990 0.131898 0.015417 0.026944
0 0.787646 0.904523 0.013042 0.022472
0 0.859036 0.438032 0.012500 0.028380
0 0.011211 0.964745 0.018411 0.032731
0 0.539349 0.071343 0.012969 0.025833
0 0.134375 0.700463 0.014583 0.026852
0 0.383958 0.554491 0.015417 0.028056
0 0.894974 0.117917 0.015885 0.021574
0 0.514948 0.126389 0.013229 0.026852
0 0.916146 0.413287 0.014167 0.022870
0 0.503828 0.198889 0.017031 0.031111
0 0.564010 0.067037 0.014479 0.027037
0 0.206589 0.584259 0.022240 0.038889
0 0.521771 0.086065 0.016458 0.031389
0 0.115104 0.702361 0.015625 0.028796
0 0.872049 0.430630 0.009859 0.016667
0 0.607247 0.276787 0.015859 0.027315
0 0.415365 0.653861 0.014063 0.027093
0 0.336432 0.937500 0.013594 0.028704
0 0.906250 0.395741 0.012500 0.021111
0 0.667188 0.818796 0.013542 0.028333
0 0.470922 0.455093 0.014479 0.025000
0 0.401849 0.964954 0.016094 0.026204
0 0.732734 0.149028 0.013385 0.029537
0 0.527734 0.182222 0.013802 0.027407
0 0.758594 0.071481 0.015104 0.029259
0 0.731458 0.871315 0.012500 0.022222
0 0.609203 0.206481 0.014635 0.028426
0 0.462932 0.424954 0.015260 0.025833
0 0.894799 0.792486 0.017328 0.027435
0 0.749586 0.144602 0.013016 0.028019
0 0.197734 0.368981 0.020469 0.039815
0 0.504714 0.159926 0.015260 0.024407
0 0.569888 0.186639 0.013776 0.027741
0 0.264161 0.370833 0.016469 0.030556
0 0.717865 0.844514 0.017708 0.033009
0 0.718333 0.210509 0.018542 0.028426
0 0.499323 0.775463 0.018021 0.030556
0 0.363802 0.493370 0.017708 0.034722
1 0.474427 0.426537 0.009896 0.017593
1 0.454755 0.264981 0.009896 0.017593
1 0.356844 0.225009 0.009896 0.017593
1 0.436214 0.198120 0.009896 0.017593
1 0.420469 0.691417 0.009896 0.017593
1 0.463932 0.797657 0.009896 0.017593
1 0.319812 0.862639 0.009896 0.017593
1 0.257885 0.946912 0.010458 0.020065
1 0.168469 0.962519 0.009896 0.017593
1 0.142477 0.864069 0.012443 0.019620
1 0.024109 0.973537 0.009896 0.017593
1 0.016849 0.887343 0.009896 0.017593
1 0.027625 0.468056 0.009896 0.017593
1 0.034995 0.345231 0.012458 0.021759
1 0.099760 0.159528 0.009896 0.017593
1 0.119432 0.132056 0.009896 0.017593
