0 0.18593749403953552 0.5486111044883728 0.02968749962747097 0.05833333358168602
0 0.5003906488418579 0.8263888955116272 0.03203124925494194 0.05833333358168602
0 0.6585937738418579 0.9375 0.03281249850988388 0.05833333358168602
0 0.54296875 0.6152777671813965 0.02968749962747097 0.05833333358168602
0 0.748046875 0.8347222208976746 0.03203124925494194 0.05833333358168602
0 0.05859375 0.1979166716337204 0.03125 0.0625
0 0.7164062261581421 0.12708333134651184 0.02968749962747097 0.0625
0 0.29570311307907104 0.8062499761581421 0.03046875074505806 0.05694444477558136
0 0.37187498807907104 0.25486111640930176 0.02500000037252903 0.05138888955116272
0 0.37382811307907104 0.4930555522441864 0.02734375 0.05833333358168602
0 0.3031249940395355 0.23055554926395416 0.02812499925494194 0.0555555559694767
0 0.5902343988418579 0.6590277552604675 0.03203124925494194 0.05416666716337204
0 0.33281248807907104 0.23680555820465088 0.02968749962747097 0.05972222238779068
0 0.46171873807907104 0.3444444537162781 0.02968749962747097 0.06388889253139496
0 0.87109375 0.02638888917863369 0.02968749962747097 0.04722222313284874
0 0.16640624403953552 0.65625 0.02812499925494194 0.0486111119389534
0 0.6070312261581421 0.4763889014720917 0.02968749962747097 0.0555555559694767
