0 0.8296874761581421 0.1701388955116272 0.03281249850988388 0.06527777761220932
0 0.111328125 0.6875 0.03203124925494194 0.06111111119389534
0 0.6851562261581421 0.8958333134651184 0.03593749925494194 0.06388889253139496
0 0.18125000596046448 0.20416666567325592 0.03437500074505806 0.06388889253139496
0 0.5843750238418579 0.1736111044883728 0.03125 0.05833333358168602
0 0.21562500298023224 0.7638888955116272 0.03437500074505806 0.06666667014360428
0 0.8070312738418579 0.7958333492279053 0.03281249850988388 0.0555555559694767
0 0.555859386920929 0.800000011920929 0.03515625 0.06388889253139496
0 0.2265625 0.9152777791023254 0.03437500074505806 0.06388889253139496
0 0.01132812537252903 0.2638888955116272 0.02265625074505806 0.06111111119389534
0 0.11601562798023224 0.9388889074325562 0.03359375149011612 0.0555555559694767
0 0.6851562261581421 0.4819444417953491 0.03281249850988388 0.06388889253139496
0 0.33515626192092896 0.831944465637207 0.02968749962747097 0.06388889253139496
0 0.7914062738418579 0.6111111044883728 0.03281249850988388 0.06111111119389534
