0 0.14023438096046448 0.35902777314186096 0.03203124925494194 0.05138888955116272
0 0.18906250596046448 0.35972222685813904 0.03125 0.0555555559694767
0 0.3238281309604645 0.21458333730697632 0.03203124925494194 0.05694444477558136
0 0.2816406190395355 0.8368055820465088 0.02890625037252903 0.05138888955116272
0 0.51171875 0.26527777314186096 0.02968749962747097 0.0555555559694767
0 0.750781238079071 0.6652777791023254 0.02968749962747097 0.04722222313284874
0 0.8882812261581421 0.31111112236976624 0.03281249850988388 0.0555555559694767
0 0.7046874761581421 0.9194444417953491 0.03437500074505806 0.06111111119389534
0 0.815625011920929 0.4861111044883728 0.02968749962747097 0.0555555559694767
0 0.14374999701976776 0.7784722447395325 0.03125 0.05138888955116272
