0 0.11054687201976776 0.45694443583488464 0.03359375149011612 0.05000000074505806
0 0.565234363079071 0.31388887763023376 0.03203124925494194 0.05833333358168602
0 0.060546875 0.4138889014720917 0.03359375149011612 0.05000000074505806
0 0.34843748807907104 0.24097222089767456 0.03281249850988388 0.05972222238779068
0 0.581250011920929 0.7986111044883728 0.02812499925494194 0.05277777835726738
0 0.711718738079071 0.1631944477558136 0.03281249850988388 0.06527777761220932
0 0.73828125 0.7055555582046509 0.03281249850988388 0.0555555559694767
0 0.11601562798023224 0.9347222447395325 0.02890625037252903 0.05277777835726738
0 0.5992187261581421 0.5131944417953491 0.03593749925494194 0.05972222238779068
0 0.745312511920929 0.02847222238779068 0.03437500074505806 0.05694444477558136
0 0.791796863079071 0.8923611044883728 0.03359375149011612 0.04027777910232544
