0 0.30000001192092896 0.5027777552604675 0.03125 0.0555555559694767
0 0.25468748807907104 0.5048611164093018 0.03125 0.05972222238779068
0 0.8187500238418579 0.18194444477558136 0.02968749962747097 0.05833333358168602
0 0.2542968690395355 0.2881944477558136 0.03203124925494194 0.05416666716337204
0 0.130859375 0.6152777671813965 0.03046875074505806 0.05277777835726738
0 0.9468749761581421 0.7527777552604675 0.02968749962747097 0.05000000074505806
0 0.5992187261581421 0.3923611044883728 0.03593749925494194 0.06527777761220932
0 0.11679687350988388 0.9354166388511658 0.02890625037252903 0.05694444477558136
0 0.3285156190395355 0.20347222685813904 0.02890625037252903 0.05416666716337204
0 0.71484375 0.7208333611488342 0.03281249850988388 0.05277777835726738
