0 0.19023437798023224 0.3291666805744171 0.02890625037252903 0.05277777835726738
0 0.4222656190395355 0.05624999850988388 0.03359375149011612 0.06527777761220932
0 0.3218750059604645 0.08611111342906952 0.03437500074505806 0.06111111119389534
0 0.567187488079071 0.4437499940395355 0.03437500074505806 0.05972222238779068
0 0.675000011920929 0.7972221970558167 0.03437500074505806 0.06111111119389534
0 0.76171875 0.41111111640930176 0.03593749925494194 0.05833333358168602
0 0.5933593511581421 0.14791665971279144 0.03515625 0.0625
0 0.4867187440395355 0.49791666865348816 0.03593749925494194 0.05416666716337204
0 0.77734375 0.16597221791744232 0.03281249850988388 0.05972222238779068
0 0.11835937201976776 0.9347222447395325 0.02734375 0.05277777835726738
