0 0.09648437798023224 0.949305534362793 0.02734375 0.05416666716337204
0 0.903124988079071 0.3930555582046509 0.02968749962747097 0.05833333358168602
0 0.3515625 0.5951389074325562 0.03125 0.0625
0 0.13320311903953552 0.2638888955116272 0.02734375 0.0555555559694767
0 0.14921875298023224 0.7006944417953491 0.02968749962747097 0.05694444477558136
0 0.68359375 0.4402777850627899 0.02812499925494194 0.05833333358168602
0 0.4886718690395355 0.6319444179534912 0.03046875074505806 0.05833333358168602
0 0.596875011920929 0.581250011920929 0.03281249850988388 0.05416666716337204
0 0.643750011920929 0.6652777791023254 0.03125 0.05833333358168602
0 0.2933593690395355 0.65625 0.03203124925494194 0.05972222238779068
0 0.18828125298023224 0.5451388955116272 0.03125 0.05694444477558136
0 0.5308593511581421 0.5888888835906982 0.03046875074505806 0.05000000074505806
0 0.37968748807907104 0.24791666865348816 0.02968749962747097 0.05694444477558136
0 0.10195312649011612 0.43194442987442017 0.03515625 0.05277777835726738
0 0.25507813692092896 0.2881944477558136 0.03359375149011612 0.0625
0 0.9359375238418579 0.26944443583488464 0.03125 0.0555555559694767
0 0.484375 0.30763888359069824 0.03125 0.06527777761220932
0 0.20976562798023224 0.6472222208976746 0.03046875074505806 0.05000000074505806
0 0.6187499761581421 0.07083333283662796 0.03125 0.06388889253139496
