0 0.38984376192092896 0.6722221970558167 0.03281249850988388 0.06111111119389534
0 0.8492187261581421 0.6402778029441833 0.03281249850988388 0.0555555559694767
0 0.765625 0.5590277910232544 0.03281249850988388 0.05416666716337204
0 0.5699218511581421 0.6270833611488342 0.03515625 0.05694444477558136
0 0.801953136920929 0.2680555582046509 0.03515625 0.06388889253139496
0 0.15781250596046448 0.49791666865348816 0.03593749925494194 0.06527777761220932
0 0.870312511920929 0.5486111044883728 0.03437500074505806 0.04722222313284874
0 0.7132812738418579 0.6041666865348816 0.03437500074505806 0.05833333358168602
0 0.087890625 0.22083333134651184 0.03359375149011612 0.06111111119389534
0 0.2769531309604645 0.8416666388511658 0.03515625 0.06111111119389534
0 0.4839843809604645 0.38333332538604736 0.03828125074505806 0.06111111119389534
0 0.5796874761581421 0.5652777552604675 0.03750000149011612 0.06111111119389534
0 0.3804687559604645 0.2465277761220932 0.03437500074505806 0.05972222238779068
0 0.18828125298023224 0.5451388955116272 0.03593749925494194 0.0625
0 0.8453124761581421 0.4201388955116272 0.02968749962747097 0.05416666716337204
0 0.501171886920929 0.2569444477558136 0.03671874850988388 0.06666667014360428
0 0.29296875 0.925000011920929 0.03593749925494194 0.06111111119389534
0 0.369140625 0.6201388835906982 0.03203124925494194 0.05416666716337204
0 0.658984363079071 0.9750000238418579 0.03515625 0.05000000074505806
0 0.949999988079071 0.03055555559694767 0.03281249850988388 0.06111111119389534
0 0.30195313692092896 0.24513888359069824 0.03515625 0.0625
