0 0.28398436307907104 0.2701388895511627 0.03046875074505806 0.05694444477558136
0 0.35078126192092896 0.20763888955116272 0.02968749962747097 0.05694444477558136
0 0.29296875 0.5083333253860474 0.03125 0.0555555559694767
0 0.765625 0.2805555462837219 0.03125 0.0555555559694767
0 0.21992187201976776 0.5736111402511597 0.03203124925494194 0.0555555559694767
0 0.271484375 0.5833333134651184 0.03046875074505806 0.0555555559694767
0 0.01328125037252903 0.39444443583488464 0.0234375 0.05277777835726738
0 0.11054687201976776 0.16249999403953552 0.02890625037252903 0.06111111119389534
0 0.17617186903953552 0.3055555522441864 0.03359375149011612 0.0555555559694767
0 0.78515625 0.2048611044883728 0.03437500074505806 0.05694444477558136
0 0.21757812798023224 0.7250000238418579 0.02890625037252903 0.05000000074505806
0 0.11679687350988388 0.9381944537162781 0.02890625037252903 0.05416666716337204
