0 0.19062499701976776 0.5423611402511597 0.03125 0.05694444477558136
0 0.655468761920929 0.3583333194255829 0.03593749925494194 0.06388889253139496
0 0.586718738079071 0.5833333134651184 0.03593749925494194 0.06111111119389534
0 0.7699218988418579 0.1354166716337204 0.03984374925494194 0.0625
0 0.150390625 0.9555555582046509 0.03203124925494194 0.05833333358168602
0 0.4507812559604645 0.15625 0.03281249850988388 0.06527777761220932
0 0.4859375059604645 0.44652777910232544 0.03437500074505806 0.06527777761220932
0 0.7640625238418579 0.5090277791023254 0.03125 0.05416666716337204
0 0.3824218809604645 0.24444444477558136 0.02578124962747097 0.0555555559694767
0 0.8765624761581421 0.9590277671813965 0.02812499925494194 0.0486111119389534
