0 0.20624999701976776 0.5326389074325562 0.03593749925494194 0.05694444477558136
0 0.37890625 0.7958333492279053 0.02656250074505806 0.0555555559694767
0 0.08906249701976776 0.3326388895511627 0.02968749962747097 0.05972222238779068
0 0.676562488079071 0.125 0.03125 0.05833333358168602
0 0.6117187738418579 0.11180555820465088 0.03437500074505806 0.06527777761220932
0 0.7124999761581421 0.8916666507720947 0.03125 0.0555555559694767
0 0.4039062559604645 0.7145833373069763 0.02656250074505806 0.05416666716337204
0 0.3160156309604645 0.02152777835726738 0.03515625 0.04305555671453476
0 0.8179687261581421 0.41805556416511536 0.03593749925494194 0.05277777835726738
0 0.8960937261581421 0.1354166716337204 0.03437500074505806 0.05694444477558136
