0 0.50390625 0.3125 0.03125 0.05833333358168602
0 0.32148438692092896 0.6611111164093018 0.03046875074505806 0.0555555559694767
0 0.5562499761581421 0.7986111044883728 0.03125 0.05833333358168602
0 0.749218761920929 0.15902778506278992 0.02968749962747097 0.05694444477558136
0 0.38945311307907104 0.1701388955116272 0.03203124925494194 0.06527777761220932
0 0.11601562798023224 0.9375 0.02890625037252903 0.05277777835726738
0 0.20664063096046448 0.2395833283662796 0.03046875074505806 0.05694444477558136
0 0.9007812738418579 0.8680555820465088 0.02968749962747097 0.05277777835726738
0 0.05039062350988388 0.7208333611488342 0.03046875074505806 0.05277777835726738
0 0.984375 0.1458333283662796 0.02812499925494194 0.06388889253139496
0 0.98046875 0.5833333134651184 0.02812499925494194 0.06111111119389534
