0 0.835156261920929 0.5965277552604675 0.03437500074505806 0.05694444477558136
0 0.3140625059604645 0.7972221970558167 0.03125 0.06111111119389534
0 0.21054688096046448 0.20000000298023224 0.02890625037252903 0.06111111119389534
0 0.555859386920929 0.7972221970558167 0.03359375149011612 0.06111111119389534
0 0.15585938096046448 0.6305555701255798 0.03046875074505806 0.05000000074505806
0 0.11640624701976776 0.9375 0.02812499925494194 0.05277777835726738
0 0.8070312738418579 0.5319444537162781 0.03593749925494194 0.05833333358168602
0 0.76171875 0.1666666716337204 0.03125 0.06111111119389534
0 0.6351562738418579 0.6513888835906982 0.03281249850988388 0.06388889253139496
0 0.7109375 0.9138888716697693 0.03437500074505806 0.05833333358168602
0 0.3558593690395355 0.1076388880610466 0.02890625037252903 0.05416666716337204
0 0.33515626192092896 0.6229166388511658 0.02968749962747097 0.0486111119389534
