0 0.41796875 0.5173611044883728 0.03125 0.05694444477558136
0 0.27851563692092896 0.2916666567325592 0.03046875074505806 0.0555555559694767
0 0.07890625298023224 0.6111111044883728 0.02968749962747097 0.05000000074505806
0 0.936718761920929 0.06180555373430252 0.03125 0.0625
0 0.02773437462747097 0.12222222238779068 0.02578124962747097 0.05833333358168602
0 0.557421863079071 0.7972221970558167 0.03203124925494194 0.06111111119389534
0 0.949999988079071 0.125 0.02812499925494194 0.05277777835726738
0 0.3519531190395355 0.06875000149011612 0.03515625 0.05416666716337204
0 0.484375 0.2736110985279083 0.03437500074505806 0.05833333358168602
0 0.11249999701976776 0.9333333373069763 0.02968749962747097 0.0555555559694767
